35297831 46399
34678632 46399
34678948 46399
34480489 46399
3426940 46399
3410569 46399
3266792 46399
3162118 46399
2892723 46399
2857181 46399
2810523 46399
2810522 46399
35401879 46399
35400143 46399
35401038 46399
35399243 46399
35399242 46399
2786114 46399
35401882 46399
35401039 46399
35401037 46399
35401036 46399
35400146 46399
35400144 46399
35400142 46399
35399241 46399
35399240 46399
2661290 46399
2621307 46399
2426089 46399
2669234 46399
2692098 46399
2624834 46399
2426010 46399
2285027 46399
212902 46399
212904 46399
2100001 46399
2419168 46399
2685437 46399
212909 46399
212913 46399
2685433 46399
2685439 46399
2685434 46399
2685432 46399
2613442 46399
2605232 46399
1490859 46399
1490839 46399
212937 46399
1490844 46399
1490877 46399
1490865 46399
1490852 46399
212939 46399
212945 46399
35398811 46399
35397146 46399
2558102 46399
2555311 46399
213041 46399
35398800 46399
35397955 46399
1490842 46399
1490849 46399
212982 46399
1490880 46399
2560840 46399
212989 46399
1490837 46399
35393693 46399
212991 46399
1490831 46399
1490871 46399
212997 46399
1490878 46399
1490861 46399
1490843 46399
1490864 46399
1490853 46399
1490847 46399
34457670 46399
1490862 46399
2561876 46399
1490850 46399
213014 46399
35384819 46399
213031 46399
213035 46399
3113132 46465
213198 46465
213202 46465
213204 46465
213206 46465
34721346 1087105
3451273 1087105
3263115 1087105
3171476 1087105
3391124 1087105
3206020 1087105
3391123 1087105
3391125 1087105
36675208 15175
36569484 15175
36457298 15175
36117702 15175
36026974 15175
35859527 15175
35754114 15175
35607287 15175
35514643 15175
35345231 15175
35247996 15175
35229238 15175
35184091 15175
35179847 15175
35630310 46481
35241179 46481
35241178 46481
35238197 46481
34943784 46481
34944720 46481
34881596 46481
34808473 46481
34721743 46481
34720063 46481
34700505 46481
34504486 46481
34477065 46481
3281135 46481
3210303 46481
3281132 46481
2810272 46481
2808183 46481
2636126 46481
2646393 46481
2621037 46481
2499088 46481
2467872 46481
2428052 46481
2437505 46481
2399025 46481
35403449 46481
35402705 46481
35401621 46481
3137389 46481
1490004 46481
213228 46481
1490005 46481
1490002 46481
36581068 759192
34874871 759192
34790224 759192
2916465 759192
2735253 759192
2463777 759192
2338086 759192
3264682 759192
2345260 759192
34527449 759192
2338177 759192
2338269 759192
2338349 759192
2338213 759192
35555532 797159
35196798 797159
35174190 797159
35123448 797159
34769003 797159
3395859 797159
3227113 797159
3270021 797159
3115710 797159
2913076 797159
3367966 797159
2745663 797159
3034091 797159
2550521 797159
36674185 44354
35845117 44354
35845116 44354
35211301 44354
35280678 44354
35217950 44354
35188053 44354
35124088 44354
35113181 44354
34923775 44354
34962042 44354
36186019 44354
3176087 44354
3172077 44354
3156294 44354
3152472 44354
3094195 44354
3080110 44354
2824062 44354
2794087 44354
2788592 44354
2824054 44354
2774302 44354
2883316 44354
2759357 44354
2400323 44354
1770478 44354
1770480 44354
1770494 44354
202813 44354
1770495 44354
1770483 44354
1770496 44354
3263701 44354
202828 44354
202825 44354
202819 44354
2464017 44354
1770485 44354
1770497 44354
2464020 44354
202832 44354
2575176 44354
2465025 44354
1770499 44354
1770500 44354
202847 44354
202849 44354
202855 44354
1770489 44354
1770492 44354
34549636 44354
34549356 44354
1770504 44354
34550036 44354
34550275 44354
35274231 1046149
36676538 15947
36122842 15947
36087231 15947
35963757 15947
35928694 15947
35881450 15947
35719340 15947
35692288 15947
35571824 15947
35574488 15947
35573297 15947
35564199 15947
35543558 15947
35533678 15947
35529265 15947
35504593 15947
35452840 15947
35440349 15947
35383841 15947
35373136 15947
35317893 15947
35229970 15947
35190436 15947
35168262 15947
35167285 15947
35137390 15947
35071901 15947
35062086 15947
34987062 15947
34909056 15947
2819002 15947
36278347 40858
36037319 40858
35357440 40858
35352069 40858
35332024 40858
35338323 40858
35224289 40858
34828159 40858
34806348 40858
34790391 40858
34732979 40858
34709538 40858
34709508 40858
34732617 40858
34678235 40858
34709189 40858
3389293 40858
3308852 40858
3292947 40858
35335440 40858
3109395 40858
3089021 40858
2759602 40858
2678411 40858
2426019 40858
2419334 40858
2661367 40858
2376004 40858
1489048 40858
182557 40858
182560 40858
1489044 40858
1489045 40858
182576 40858
3394013 40858
182580 40858
1908268 40858
1489042 40858
36149273 762511
35688335 762511
35327180 762511
35123956 762511
35016099 762511
34976472 762511
34912072 762511
34808028 762511
34808338 762511
34797949 762511
34700306 762511
34609371 762511
34608026 762511
34588400 762511
34420330 762511
34402196 762511
3428142 762511
3427578 762511
3391036 762511
3203091 762511
3161813 762511
3177142 762511
3076153 762511
3039270 762511
2982075 762511
3141120 762511
2971142 762511
2786563 762511
2774084 762511
35399141 762511
2730098 762511
2467784 762511
2699198 762511
2695722 762511
2523057 762511
2500154 762511
2467788 762511
2467785 762511
2582074 762511
35670824 15241
34913040 15241
34912025 15241
34861712 15241
3146533 15241
3017205 15241
3000526 15241
2473005 15241
3018018 15241
3001276 15241
47351 15241
47353 15241
2664212 15241
47357 15241
47364 15241
34548159 35235
34545759 35235
150682 35235
150685 35235
150690 35235
150696 35235
35348049 1078381
35238097 1078381
35177069 1078381
34932345 1078381
34923151 1078381
34751673 1078381
34618979 1078381
34609360 1078381
34422323 1078381
3339094 1078381
3270995 1078381
3200016 1078381
3270588 1078381
3152424 1078381
3271322 1135145
35663457 956260
35431456 956260
35104285 956260
34869690 956260
34726012 956260
34407013 956260
3203094 956260
3104665 956260
3426459 956260
3079807 956260
3029621 956260
3426457 956260
3426460 956260
2887465 956260
35412054 956260
2883038 956260
2892589 956260
35975091 961310
34886483 961310
34898576 961310
34746150 961310
34567239 961310
34428037 961310
3422424 961310
3155080 961310
3124122 961310
2892309 961310
3389292 961310
35191631 852118
34900756 852118
34803139 852118
34746108 852118
34678473 852118
3377429 852118
3119199 852118
3119198 852118
3102930 852118
3102824 852118
3119200 852118
2707641 852118
3119197 852118
35234460 1078367
34943748 1078367
34944671 1078367
34943749 1078367
34943750 1078367
3395301 1078367
3390177 1078367
3375065 1078367
3154074 1078367
3367267 1078367
36700095 1017035
36581030 1017035
36212024 1017035
35688334 1017035
35903271 1017035
35228104 1017035
35431061 1017035
35004320 1017035
35139399 1017035
35123730 1017035
34841515 1017035
36030681 1017035
34780368 1017035
34739115 1017035
34726334 1017035
35261119 1017035
34526049 1017035
3414258 1017035
3394848 1017035
3395690 1017035
3291212 1017035
3426232 1017035
3139388 1017035
3139561 1017035
3111429 1017035
3139562 1017035
3139563 1017035
3139564 1017035
3139565 1017035
3019984 1017035
3139566 1017035
3139560 1017035
3139567 1017035
3139568 1017035
2503257 776120
36139082 1011193
35456025 1011193
34746111 1011193
34478047 1011193
34569383 1011193
3086467 1011193
3064071 1011193
3029177 1011193
3011583 1011193
3162815 1011193
35793327 805212
35622290 805212
35578038 805212
35359027 805212
35256037 805212
35114500 805212
35016080 805212
34925175 805212
34859330 805212
34780420 805212
34678827 805212
34567156 805212
34439116 805212
3319088 805212
34502026 805212
34420158 805212
3291232 805212
3271096 805212
3291236 805212
3187005 805212
3171259 805212
3291226 805212
3291227 805212
3139684 805212
3291231 805212
3139688 805212
3139699 805212
3139702 805212
3291228 805212
3139703 805212
3139707 805212
3139708 805212
3139682 805212
3291235 805212
3291234 805212
2622663 805212
3211483 804065
3139894 804065
3111425 804065
3121425 804065
3121424 804065
3102884 804065
3121423 804065
3090315 804065
3121420 804065
3121419 804065
3018257 804065
3010215 804065
3010084 804065
2998347 804065
2880020 804065
3102275 804065
3003019 804065
3080053 804065
3003024 804065
2764104 804065
2876965 804065
2729022 804065
3121416 804065
2614744 804065
36636039 935196
36304357 935196
34869717 935196
34527266 935196
34419076 935196
3414506 935196
3306259 935196
3286181 935196
3188002 935196
3098837 935196
3065078 935196
3024014 935196
2921010 935196
3127086 935196
2846741 935196
2858822 935196
35138056 1150074
34825208 1150074
35175004 1150074
34984580 1150074
3295172 1150074
105708 27764
105715 27764
3000773 27764
35373640 208391
35374686 208391
3078807 208391
2891339 208391
2891338 208391
2891337 208391
2891336 208391
2891335 208391
2891334 208391
2891333 208391
2891332 208391
2891331 208391
2532102 208391
36439309 1023179
35844223 1023179
34932339 1023179
34867645 1023179
34867629 1023179
34717103 1023179
3418093 1023179
3394175 1023179
3270959 1023179
34465291 1023179
3069142 1023179
34479588 1023179
2558048 57887
34611234 816048
3111460 816048
2636325 816048
36437050 963603
35645134 963603
35589608 963603
35578134 963603
35578133 963603
35292675 963603
35022111 963603
34897876 963603
34817303 963603
34809369 963603
34721025 963603
34670093 963603
34565035 963603
3439210 963603
3184212 963603
3184215 963603
2982238 963603
2898388 963603
3184213 963603
2998814 963603
2711383 852286
34841101 852286
35761955 30948
35708153 30948
35641958 30948
125461 30948
35648119 30948
35618504 30948
125465 30948
125470 30948
125485 30948
36505328 1159126
36456709 1159126
36026545 1159126
35766030 1159126
35667978 1159126
35513307 1159126
35394037 1159126
35271969 1159126
35271126 1159126
35220413 1159126
35220216 1159126
35189786 1159126
35147514 1159126
35146137 1159126
35111813 1159126
35061848 1159126
35100072 1159126
35002010 1159126
34979716 1159126
34846406 1159126
34761336 1159126
34761443 1159126
34743944 1159126
34729450 1159126
34704307 1159126
34673751 1159126
34513631 1159126
3428139 1159126
3314791 1159126
3315689 1159126
3314745 1159126
3315687 1159126
3313741 1159126
35561385 816496
35422170 816496
34961122 816496
34588503 816496
35114556 816496
34502204 816496
34809307 816496
34790553 816496
3171574 816496
3171571 816496
2853718 816496
2857025 816496
2684239 816496
2710190 816496
2640018 816496
34798106 837067
34798101 837067
3317645 837067
34861122 837067
35188671 837067
34860264 837067
35105360 837067
35188520 837067
35188678 837067
3066186 837067
2677858 837067
3317650 837067
3317651 837067
36623893 806052
35430152 806052
34565147 806052
3093330 806052
3093317 806052
2624164 806052
35031543 806052
36535069 952052
36145053 952052
35886082 952052
35511188 952052
35138531 952052
35005205 952052
34974010 952052
34906030 952052
34861317 952052
34738483 952052
34700625 952052
34678349 952052
34567258 952052
34527130 952052
34527284 952052
34477238 952052
3427104 952052
3421043 952052
3410490 952052
3263092 952052
3263028 952052
3121756 952052
34588199 952052
36529054 76779
35878090 76779
35074336 76779
34975083 76779
34726639 76779
3415059 76779
34840292 76779
34840291 76779
34839740 76779
3389365 76779
3308211 76779
3287105 76779
3161061 76779
35304079 76779
3156511 76779
3071085 76779
2905076 76779
2791010 76779
2640640 76779
2595999 76779
2437827 76779
2580121 76779
1755932 76779
1755928 76779
1755926 76779
1755925 76779
1755916 76779
2592214 76779
3054209 76779
2602136 76779
1755929 76779
2546389 76779
2571592 76779
2560213 76779
35293286 76779
2595623 76779
355968 76779
2556007 76779
2552525 76779
2591594 76779
1755917 76779
2595919 76779
1755927 76779
1755920 76779
1755924 76779
1755923 76779
2549419 76779
3066177 976131
3042786 976131
2982123 976131
2976448 976131
2916087 976131
36224020 41064
35908016 41064
35908019 41064
35644318 41064
35543570 41064
35346414 41064
35123287 41064
34841213 41064
34790522 41064
34700880 41064
34569178 41064
3434135 41064
3421025 41064
3295080 41064
34588469 41064
3263326 41064
3146058 41064
3141012 41064
3279233 41064
3082135 41064
3056676 41064
3056675 41064
3070526 41064
2912038 41064
2792381 41064
3054333 41064
2711907 41064
2706053 41064
2689266 41064
2660102 41064
2658029 41064
2624939 41064
2456213 41064
2443456 41064
2602162 41064
3170588 41064
183891 41064
183894 41064
183903 41064
212667 46332
212674 46332
212678 46332
34768442 1181101
34423496 1181101
3417936 1181101
3396996 1181101
3394181 1181101
35304121 471420
35259070 471420
34900679 471420
3389406 471420
3266788 471420
3201007 471420
3141021 471420
3319139 471420
3071066 471420
2883874 471420
2721675 471420
3420050 471420
2646290 471420
2646366 471420
34549432 471420
34768772 471420
34552663 471420
2512622 784425
34720933 46479
3295684 46479
3087157 46479
2715704 46479
2678881 46479
2691494 46479
35617286 46479
213224 46479
35621026 46479
2998863 852013
2699294 852013
34420179 1043472
3084881 1043472
36634225 58155
35456120 58155
35074278 58155
3421382 58155
3159917 58155
3054196 58155
2992121 58155
2883499 58155
2694788 58155
2660343 58155
2467310 58155
2553543 58155
2577144 58155
2581069 58155
1837989 58155
267509 58155
36031114 46469
35877033 46469
35022941 46469
34941054 46469
34817410 46469
3316012 46469
3140004 46469
3111640 46469
2995773 46469
2369003 46469
2463007 46469
2600185 46469
213207 46469
1489895 46469
1489894 46469
2606618 46469
213211 46469
2579688 46469
1489893 46469
36683220 973131
35834369 973131
34685905 973131
3367019 973131
3308990 973131
3394137 973131
2822063 973131
2810753 973131
35903834 784416
35562458 784416
35142442 784416
35118296 784416
35066257 784416
35005160 784416
34854400 784416
34854150 784416
34767665 784416
34521447 784416
34588072 784416
34459857 784416
3301130 784416
3094266 784416
3102718 784416
3084250 784416
2807252 784416
2779656 784416
2521072 784416
34751393 784416
36165147 45210
36030078 45210
35511015 45210
36371561 45210
35114356 45210
34666103 45210
3443049 45210
3233048 45210
2694487 45210
2566483 45210
2591399 45210
207453 45210
2563854 45210
2769784 896787
36107031 776229
35544523 776229
35150710 776229
34869681 776229
34818062 776229
34809120 776229
34746320 776229
34569243 776229
3415517 776229
3270902 776229
3103562 776229
3415519 776229
3090204 776229
3064148 776229
3038528 776229
2896432 776229
2885613 776229
2853123 776229
3415521 776229
3109611 776229
3038894 776229
2745956 776229
3415523 776229
2504215 776229
3190189 806125
3190188 806125
3104634 806125
3190187 806125
3190186 806125
3190185 806125
3190184 806125
3015753 806125
3190183 806125
3190182 806125
3081883 806125
2780226 806125
3190181 806125
3190180 806125
2673812 806125
3190179 806125
2624824 806125
3174793 806125
3190177 806125
3190176 806125
3190175 806125
3190174 806125
3190173 806125
3190172 806125
3190171 806125
3190165 806125
3190163 806125
3190162 806125
3190161 806125
3190160 806125
3190159 806125
3190158 806125
3190157 806125
3190156 806125
3210103 806125
3190155 806125
3190154 806125
3190153 806125
3190152 806125
3192030 806125
3210091 806125
3190151 806125
3190150 806125
35313355 975418
34720418 975418
3426319 975418
35069355 975418
3263656 975418
3056939 975418
3056940 975418
3056941 975418
2807816 975418
3264028 975418
2622174 975418
36161328 975418
36192571 911094
35806172 911094
35878037 911094
35347541 911094
35256423 911094
35176264 911094
35114724 911094
35092451 911094
35075162 911094
35023136 911094
34839972 911094
34816443 911094
34685452 911094
34666096 911094
3394576 911094
3263086 911094
3139144 911094
3139143 911094
3139142 911094
3139141 911094
3139139 911094
34675224 911094
3139138 911094
2808859 911094
3139136 911094
35843494 961254
36225231 961254
35196899 961254
35012599 961254
2892346 961254
2975363 762269
3087146 762269
2468271 762269
35235289 1021374
35124171 1021374
34696025 1021374
34561011 1021374
3427886 1021374
3428841 1021374
3227069 1021374
36288685 1021374
3082127 1021374
3090048 1021374
35455349 1021374
3042376 1021374
2777503 900026
35357900 973044
35558115 973044
2903973 973044
2778214 973044
35558084 973044
36150268 935192
35585239 935192
35645091 935192
35313508 935192
35280608 935192
35217924 935192
35138081 935192
34905150 935192
34603514 935192
34588507 935192
3415701 935192
3415702 935192
3124121 935192
3415704 935192
3415705 935192
3415706 935192
3264499 935192
3415707 935192
3052530 935192
3415708 935192
3415709 935192
2846752 935192
3415713 935192
2868973 935192
3415714 935192
3415715 935192
3415717 935192
3415719 935192
34862003 1081052
34861795 1081052
35359456 1081052
3308341 1081052
3154543 1081052
3154548 1081052
3154549 1081052
3154551 1081052
36361350 1081052
3162706 1081052
34700724 939118
34700725 939118
3375053 939118
3165511 939118
35120548 939118
34702595 939118
3374063 939118
3165535 939118
34590499 939118
34515549 939118
3165515 939118
3162275 939118
3165523 939118
3165512 939118
3098007 939118
3165530 939118
3165521 939118
3162261 939118
2853197 939118
2853414 939118
2338266 779011
36515405 155636
35281550 155636
36506703 155636
3385146 155636
34465354 155636
34465353 155636
34479268 155636
34479129 155636
2961827 155636
34474942 155636
34499919 155636
2643397 155636
35407533 155636
34416815 155636
34534751 155636
34534082 155636
34531732 155636
34531731 155636
34531499 155636
34530795 155636
35406682 155636
34473430 155636
184747 155636
34465352 155636
2067742 155636
34531000 155636
2068925 155636
2045864 155636
35284492 155636
34473536 155636
35416008 155636
3418680 155636
34473436 155636
35898727 155636
2049114 155636
184759 155636
2063828 155636
2064770 155636
35378137 155636
184766 155636
2044839 155636
2068346 155636
184770 155636
35406651 155636
34465351 155636
2043662 155636
184786 155636
34465357 155636
34479264 155636
2059524 155636
35385759 155636
35381976 155636
184797 155636
2866151 155636
184804 155636
34566272 155636
2060855 155636
34474616 155636
35385627 155636
34463633 155636
35382759 155636
34479165 155636
35386422 155636
184861 155636
184866 155636
2046220 155636
184886 155636
35393979 155636
184894 155636
2547874 155636
34458398 155636
35415892 155636
184939 155636
1878567 155636
34465347 155636
35416181 155636
185133 155636
185128 155636
185145 155636
3433431 155636
185158 155636
35380927 155636
185183 155636
3102461 1019846
3038898 1019846
3426320 776588
3426321 776588
3095029 776588
3426322 776588
3426323 776588
3095031 776588
3426325 776588
3426326 776588
2505118 776588
2522111 776588
3427382 776588
34527140 985106
3395886 985106
2949410 985106
3421199 985106
35105358 813403
34881038 813403
34870009 813403
36403483 813403
2636068 813403
35425283 911049
35266134 911049
34985571 911049
34985573 911049
34985574 911049
34985576 911049
3121796 911049
3028753 911049
2807930 911049
3131130 911049
3121785 911049
35044104 784469
34944897 784469
34908230 784469
34840434 784469
34860309 784469
34751083 784469
2976698 784469
2767868 784469
2516968 784469
2516893 784469
2516837 784469
35538357 985132
2949643 985132
35346384 985132
3098284 985132
35603612 985132
35029169 985132
36581071 742019
35739065 742019
35688052 742019
35589831 742019
35017439 742019
34975308 742019
34780238 742019
36621030 742019
34613383 742019
36313723 742019
35990485 742019
36038306 742019
36207055 742019
36400245 742019
36618040 742019
36403343 742019
36405350 742019
2430442 742019
36500347 742019
36674212 762151
35683623 762151
35171921 762151
34944525 762151
34852102 762151
34702472 762151
3410113 762151
3415124 762151
3415123 762151
3415121 762151
3415119 762151
3415118 762151
2467322 762151
2694749 762151
3415115 762151
3415114 762151
36030299 745003
34678345 745003
34407275 745003
3263476 745003
3165573 745003
3131058 745003
3111146 745003
3104737 745003
2438757 745003
35733303 745003
35700788 745003
36161616 745003
35572447 1130005
35292354 1130005
35848088 806218
35368408 806218
34855206 806218
3395385 806218
3192047 806218
3127170 806218
2624909 806218
36234257 41038
36295129 41038
36095399 41038
3017506 41038
183825 41038
3184467 789025
2524142 789025
2549736 37713
2549738 37713
166046 37713
166052 37713
2547249 37713
166075 37713
166079 37713
2903333 965002
2505876 777041
2399208 50515
2369221 50515
2369222 50515
1546401 50515
1546405 50515
1546404 50515
2543099 50515
1546399 50515
1546403 50515
2557124 50515
231705 50515
2327019 50515
3222087 1120045
3287277 1120045
35368045 973043
34985544 973043
3076334 973043
2903980 973043
3076340 973043
35022843 1094074
34944649 1094074
35174592 1094074
35758121 1094074
36303481 180030
35908781 180030
35448077 180030
35448014 180030
34855186 180030
36131943 180030
34855082 180030
34770080 180030
34770042 180030
34783447 180030
34720024 180030
34678647 180030
3319056 180030
3308195 180030
3287088 180030
3263753 180030
3210297 180030
3141015 180030
3117228 180030
3064303 180030
3054374 180030
3010033 180030
2678822 180030
2659073 180030
3421243 180030
36386073 180030
36379845 180030
36378035 180030
35423113 956028
34943114 956028
34817793 956028
36158883 956028
3190079 956028
3208037 956028
3190096 956028
3190097 956028
3114013 956028
3190098 956028
3190099 956028
3190100 956028
3190101 956028
3190103 956028
3190104 956028
3190105 956028
3190106 956028
3190107 956028
3190108 956028
3190109 956028
3190111 956028
2982041 956028
2956008 956028
3190113 956028
3190114 956028
3190115 956028
3190116 956028
36391934 956028
35266046 956028
3190117 956028
34526192 956028
2807950 911026
2497077 774125
36244575 145785
36140464 145785
36032775 145785
36354505 145785
36428068 145785
36044076 145785
35712370 145785
35380438 145785
2916735 976215
2988047 976215
2997203 976215
2898793 964137
36660838 756117
36466430 756117
35292137 756117
35030014 756117
35287131 756117
35235409 756117
35287129 756117
35259089 756117
35288133 756117
35368176 756117
35288140 756117
35288139 756117
3308991 756117
2694734 756117
35114490 756117
2450776 756117
35431079 756117
34975180 756117
2805098 911004
34854893 50893
34803778 50893
34712288 50893
34700723 50893
3280311 50893
34423914 50893
2846907 50893
2762071 50893
2659051 50893
2301163 50893
2338191 50893
1553873 50893
232929 50893
34531084 50893
1553875 50893
1553846 50893
232945 50893
1807805 50893
232952 50893
3104677 50893
1553885 50893
232967 50893
1553847 50893
1553870 50893
232988 50893
1553860 50893
232995 50893
233001 50893
233008 50893
34520496 50893
233011 50893
233013 50893
34520144 50893
233018 50893
233025 50893
233026 50893
233030 50893
233036 50893
1807749 50893
1553839 50893
1553880 50893
1553849 50893
233064 50893
233078 50893
1807838 50893
34784656 50893
233081 50893
1553883 50893
1553876 50893
233088 50893
233102 50893
2642885 50893
233110 50893
1553850 50893
233121 50893
1807832 50893
2438942 50893
233131 50893
1807716 50893
1553845 50893
1807710 50893
1807738 50893
233068 50893
1807742 50893
233138 50893
232981 50893
233143 50893
233147 50893
233151 50893
233157 50893
233153 50893
2898027 854215
2881955 854215
2880021 854215
2715018 854215
2866844 854215
2866845 854215
2866846 854215
35498442 854215
2866847 854215
341722 73708
35113134 900145
3418015 900145
3332148 900145
3111499 900145
35404991 900145
3070748 900145
3040012 900145
3046053 900145
3039555 900145
3031434 900145
3029194 900145
3029192 900145
34609706 900145
3292971 900145
35413374 900145
35413373 900145
35413372 900145
35413371 900145
2944156 900145
2905048 900145
2961367 900145
2777387 900145
35412767 900145
3106030 46514
2912017 46514
213492 46514
213494 46514
213501 46514
213505 46514
213509 46514
213512 46514
35630803 699004
35498765 699004
35445582 699004
35123538 699004
34738732 699004
34700389 699004
35044390 699004
3050248 699004
2640665 699004
2520699 699004
2320111 699004
35425181 66391
3451464 66391
3451463 66391
3451462 66391
3007994 66391
2516270 66391
34553411 66391
34552668 66391
34550926 66391
34549423 66391
34549243 66391
34549175 66391
34548905 66391
3451461 66391
34548982 66391
306776 66391
306777 66391
306779 66391
3451460 66391
3451459 66391
3451458 66391
306784 66391
306790 66391
306797 66391
36108290 896584
36033132 896584
35845193 896584
35454172 896584
35160278 896584
35152266 896584
34899500 896584
3424121 896584
34478442 896584
34431100 896584
3397710 896584
2769848 896584
34897309 806080
35555568 806080
3093326 806080
3101002 806080
2624234 806080
35647849 806080
3098982 806080
3098985 806080
35536079 53101
243636 53101
243640 53101
35261260 941001
3042275 941001
2853151 941001
34565122 905145
3190205 905145
3190207 905145
3190208 905145
3190206 905145
3021078 905145
2787787 905145
34869691 736134
34738590 736134
3395327 736134
3271476 736134
3171585 736134
3171584 736134
3171583 736134
2684049 736134
2422745 736134
3171582 736134
35357896 896136
35094087 896136
34721672 896136
34717299 896136
3377289 896136
3388021 896136
3309071 896136
3203136 896136
3162532 896136
34618776 896136
3117285 896136
3117155 896136
3029927 896136
3029546 896136
2847098 896136
2768527 896136
2834089 896136
34746274 1051033
34515255 1051033
3316153 1051033
3103549 1051033
36525153 47958
35012107 47958
3394032 47958
3306384 47958
3317179 47958
3317180 47958
3209005 47958
3317181 47958
3162212 47958
3084190 47958
3317183 47958
3317184 47958
3317185 47958
3317186 47958
2672235 47958
3317187 47958
3317188 47958
3317189 47958
3317190 47958
219584 47958
219589 47958
219597 47958
3317193 47958
3317194 47958
219603 47958
3317195 47958
3317196 47958
219607 47958
3317182 47958
3319315 47958
3317197 47958
3317199 47958
2996213 47958
3317200 47958
3317201 47958
3317202 47958
3317198 47958
35104391 1043007
3084028 1043007
34853456 820099
34675191 820099
3104760 820099
3196300 820099
2868049 56375
2530131 56375
259468 56375
35398716 56375
259472 56375
35397831 56375
1908133 56375
220132 48135
220137 48135
220142 48135
3395331 48135
220148 48135
220160 48135
220169 48135
220171 48135
35934429 1033018
35562321 1033018
35045259 1033018
34869035 1033018
34790281 1033018
34739028 1033018
34497105 1033018
3414440 1033018
3111016 1033018
3094254 1033018
3071040 1033018
3111017 1033018
3111018 1033018
3111019 1033018
3111020 1033018
3076036 1033018
3111021 1033018
3111022 1033018
3111023 1033018
3111024 1033018
3111025 1033018
3076035 1033018
1490082 85424
35722538 50702
35338045 50702
2450647 50702
34548393 50702
232350 50702
232359 50702
2607040 85287
391698 85287
391699 85287
391701 85287
391705 85287
36478782 1180095
35624023 1180095
3390181 1180095
34686077 981206
2922786 981206
36031135 50983
3006774 50983
234114 50983
234122 50983
234129 50983
234134 50983
234142 50983
234146 50983
35722917 1085101
35338041 1085101
35658284 1085101
35032388 1085101
3428828 1085101
3172185 1085101
34923250 1078165
34726388 1078165
34609369 1078165
34613020 1078165
34596069 1078165
34503064 1078165
34467604 1078165
34431196 1078165
3424169 1078165
3150212 1078165
35171093 1025001
34733936 1025001
3136103 1025001
3052355 1025001
36420792 1025001
35722779 85319
34539845 85319
1490009 85319
1490011 85319
1490013 85319
1490012 85319
391907 85319
391912 85319
392335 85441
3233647 964011
2902012 964011
36525961 973030
36450568 973030
36516110 973030
35670675 973030
35297807 973030
35499003 973030
35377988 973030
35327283 973030
35211195 973030
35210230 973030
34881104 973030
34799158 973030
34751536 973030
34700539 973030
34588211 973030
3410243 973030
3117247 973030
3117012 973030
2810543 973030
2961236 973030
3034259 973030
3117475 1058203
35051098 201130
35004519 201130
34999036 201130
35069360 201130
34751834 201130
34526232 201130
36313655 201130
3194032 201130
36061994 201130
36061981 201130
3414541 201130
36387638 201130
36195962 201130
36201904 201130
2781759 201130
2721419 201130
2652555 201130
2790587 905094
2787564 905094
2788824 905094
2788818 905094
2516167 783407
2927112 980149
2447066 980149
3388992 1089012
2441263 744229
3367658 742043
2478070 742043
2467489 742043
2450888 742043
2431244 742043
2430467 742043
3390243 1087769
2776285 1087769
2598312 85308
2580590 85308
1490126 85308
1490131 85308
1490123 85308
1490115 85308
2560899 85308
1490130 85308
1490128 85308
391913 85308
2590154 85308
2552578 85308
36681097 1082030
3162817 1082030
319306 68884
319310 68884
391864 85311
1490135 85311
35480859 824116
34790259 824116
2897249 824116
2865164 824116
2656053 824116
36494444 906004
3141138 906004
3139792 906004
3098791 906004
1489896 85486
392461 85486
35413929 789692
2528641 789692
34531283 789692
2858648 966096
