46399
46465
1087105
15175
46481
759192
797159
44354
1046149
15947
40858
762511
15241
35235
1078381
1135145
956260
961310
852118
1078367
1017035
776120
1011193
805212
804065
935196
1150074
27764
208391
1023179
57887
816048
963603
852286
30948
1159126
816496
837067
806052
952052
76779
976131
41064
46332
1181101
471420
784425
46479
852013
1043472
58155
46469
973131
784416
45210
896787
776229
806125
975418
911094
961254
762269
1021374
900026
973044
935192
1081052
939118
779011
155636
1019846
776588
985106
813403
911049
784469
985132
742019
762151
745003
1130005
806218
41038
789025
37713
965002
777041
50515
1120045
973043
1094074
180030
956028
911026
774125
145785
976215
964137
756117
911004
50893
854215
73708
900145
46514
699004
66391
896584
806080
53101
941001
905145
736134
896136
1051033
47958
1043007
820099
56375
48135
1033018
85424
50702
85287
1180095
981206
50983
1085101
1078165
1025001
85319
85441
964011
973030
1058203
201130
905094
783407
980149
1089012
744229
742043
1087769
85308
1082030
68884
85311
824116
906004
85486
789692
966096
1181449
712115
818298
84942
238334
48026
1089141
1156188
1005009
85265
851528
196245
1038019
56775
737331
963554
736137
85290
1115201
60881
1078013
935212
737023
1137205
955248
56657
60335
737272
85333
1047052
139851
860921
963130
83263
248149
85288
70796
828108
210346
741155
85355
85370
992003
394554
53144
1038018
374640
84074
40859
42870
92526
827183
893624
101368
46402
46398
105870
46395
69322
759489
105923
57955
85323
85289
35447
797187
861837
935063
1022051
990252
85292
1049139
85293
78727
908118
48473
92857
844467
990112
777034
46397
85299
742390
46396
936024
1132835
93560
105815
46401
958018
193558
49790
986178
753033
89849
74685
105872
952169
759345
87933
896969
99217
1019923
46406
98153
1102286
1032081
776627
1076005
135603
905498
744217
986141
78242
59261
936011
105877
826358
1055003
103940
737039
94551
105948
88516
90031
88436
193547
105983
963127
896747
694012
100191
827695
1174011
79344
85133
93942
85405
963100
105887
105882
105874
51103
105940
29431
858541
87461
862047
1045123
45236
27604
196215
1035020
29251
27595
27621
28727
1046359
28745
28690
47425
29100
1047332
27642
27661
27626
27645
1046348
27597
28820
359309
1132946
130026
27594
27673
27596
1050293
191706
976275
27622
27611
29121
27600
27624
28916
28082
28510
911061
299713
27623
893597
845121
28257
28685
29179
28895
28721
759038
27607
28702
29005
28290
28349
28500
953014
750038
689006
28448
1050294
28810
191790
27610
784209
27602
776310
27686
191512
28469
27679
28883
28346
28317
27613
28376
27609
27598
978095
27655
753086
27625
27664
27676
28796
27703
28893
28356
947052
28472
136197
148815
28587
28612
28856
28610
572393
27627
85519
185725
46487
48161
46490
46493
46489
1074089
756064
48152
46488
904230
860532
46486
48409
48211
48073
48093
909047
46511
1043338
46678
130638
48032
46518
48064
47942
47977
157772
48040
47248
47005
847091
135281
47982
48272
46547
46583
47891
48227
46545
46509
46497
46492
47936
46502
225847
48301
46521
46554
46528
46494
46516
46491
46546
46508
48088
46538
47866
746015
29283
46503
409318
48012
47978
47908
46495
46563
48055
48425
132276
48326
46520
46519
1049068
48062
1081844
48053
47717
106375
46524
783008
48185
721004
897179
858364
46555
46504
46607
46498
46507
47237
46595
731020
47970
488900
48188
48189
46512
742253
46505
1011019
87066
86862
86884
762135
87231
843001
85502
87095
85505
86496
783418
85503
405300
85548
85513
85504
860276
86089
85511
85508
85532
86907
85521
132566
85506
86808
954399
757276
87431
48362
776576
88009
85525
792045
85522
6113
85534
87079
85551
86809
85526
85507
85653
86586
85517
85509
85530
85501
85546
85741
85523
86693
85500
1063197
86719
86644
86717
86277
1137065
86032
763044
85559
85655
85736
87063
855388
86734
86532
85599
85563
85518
86141
85678
87966
85729
85609
85564
86101
85499
27648
28462
85544
85512
85535
85558
85762
85531
85527
46499
85612
85543
85510
87366
88067
85528
85620
86763
85586
27629
816357
178059
29709
129271
185832
29323
29377
29444
29318
29319
804385
711692
816320
268447
138798
29452
732001
904048
29359
136526
193200
29326
151304
29320
777352
29711
905065
29328
1124428
29324
840822
29379
29475
29352
29321
29345
220606
29405
29333
1026053
29370
29347
338512
29325
88693
29339
29317
1120022
29331
784269
1057224
29550
29338
29401
29334
29603
29342
1040133
805042
437892
29599
29407
50177
50178
1063220
185874
29327
742069
131823
226739
204235
29400
48476
29383
29337
185762
805432
854483
129629
1081024
29346
29470
49131
29348
29351
791461
48514
1050274
28869
29465
635985
29424
29662
29596
50742
156673
48747
48892
29429
433770
427045
48436
48432
908180
50403
336466
288416
731001
48444
48452
48437
48499
48439
851426
48433
48434
48440
832218
50877
50793
50811
50697
50623
48515
48486
990080
1124021
909007
48431
50809
50792
29409
50752
48746
50758
1072006
956463
48682
50038
192828
198937
50791
48469
896464
50845
48550
48636
202216
48451
50328
1181843
48435
49658
906142
48529
1050221
49387
49319
391079
401383
208890
49948
48456
50648
783031
48487
48461
50834
806101
50749
48557
50800
48939
1132100
48454
930020
50769
48522
48462
48457
48497
49327
129586
340917
1031003
48863
49553
49838
955129
48920
50133
284388
48450
48481
48503
50329
48931
48868
49316
50786
48776
88149
88146
88148
88147
88145
89184
88858
839948
88150
489133
88158
88153
88473
88154
89090
48474
886022
905399
88265
88332
99381
88161
88168
88303
88151
88175
88663
129432
88163
88155
89249
88162
88159
48525
88926
88177
88157
88845
89197
48934
88492
88176
584202
1054150
311599
48465
88253
88160
129519
88179
29415
48458
88970
88866
89328
777665
48516
88156
156317
1072043
29369
88233
88595
710075
88173
1023208
88170
88206
88152
88184
88214
129891
1044218
88203
88166
1054095
88867
88766
1178073
794266
48455
88948
29435
88174
50027
88165
88172
1038123
88463
88171
48551
894056
48488
88189
88431
88837
88194
1002004
777254
737351
90331
29968
30899
29960
30270
30981
29959
30777
29957
300739
30782
31015
1182738
975279
1078228
753030
905915
89398
29985
90056
29976
1049165
30013
50953
192923
29967
31148
29983
30916
29965
31178
29992
832222
52382
29991
30871
50933
1050800
29020
31173
52923
29969
30836
30721
29988
50971
688494
505791
50955
858357
30050
30366
29981
1132950
1071063
30881
144794
30528
30182
211140
50938
30023
31022
689024
743142
30763
30674
147092
1054005
1049915
29989
30705
30926
29987
30750
30783
29963
1050295
30040
29970
29979
334123
30929
30082
31030
30980
142090
31061
30070
31070
29971
820489
30776
30814
688269
901014
658096
1137480
1174005
759446
50934
50890
53092
50892
52979
52945
50898
50887
50891
50929
51910
50897
53118
50900
53018
50885
51012
50943
53041
53211
50894
50886
1058159
159271
50982
52910
50889
131968
50899
53172
50895
50957
52904
776731
777277
52062
30710
53132
7520
51293
53032
53161
51039
51060
734114
52924
31046
50913
51059
53188
50904
53044
52894
50914
53062
50902
50908
52947
52918
840292
50969
52938
52712
50925
50997
53016
53231
740086
50919
52892
50940
52992
50974
52331
53047
50945
50918
50930
963317
1050755
51368
51006
51450
50979
53020
50932
50924
56803
50917
50968
52960
1106065
50948
53124
50907
53011
157663
53015
51160
53158
89365
754010
89363
90097
90374
90249
50905
89658
90447
727014
89361
89419
89556
29961
50888
50911
30042
985243
89866
89578
29977
694027
90375
89376
50975
29964
89553
346157
89368
29966
89591
50915
89364
90186
90076
742467
50951
1078252
51132
50901
90383
90177
29974
89948
331758
98555
51136
89384
777556
89362
90377
89913
50950
90330
90301
52613
90244
29973
29980
30152
29972
30011
90248
89360
89912
89410
761024
1017067
50972
89692
89463
50896
89366
90312
89389
89727
130472
50949
89372
89377
89371
89391
1132953
90289
1044205
50944
185237
90296
89853
89910
1060120
90376
89806
1019493
90213
50906
90203
150838
50909
89471
31211
53283
366358
31212
31200
296416
53243
152734
31199
31187
935184
31645
31188
677012
139072
32083
31190
1049091
31298
32124
31191
32514
31348
31193
1049917
31587
31207
32385
13954
31186
133017
336655
32271
827142
990259
31297
1050853
53271
31262
31305
53251
1046081
31218
282072
975091
31433
32211
1146035
282095
31969
858069
31561
330726
31287
31214
31291
31273
53281
31228
55343
1063083
1047006
31192
310828
1079127
31194
784341
31304
688325
1081161
31203
31208
32423
31739
31366
359413
201960
1078277
32545
31989
1049933
31230
1087062
31987
32054
31195
32233
31417
1086096
32183
31367
31414
334026
32350
956436
144585
972015
53275
840929
710061
55469
53236
55454
53235
53326
54020
53244
53233
1132286
55399
53302
55426
53298
53238
53241
55424
911131
53254
1024151
53255
53270
53274
1081186
53253
53268
131961
961309
55494
847171
55324
975673
53293
53258
55166
54619
1086002
55465
489045
55403
1060147
55473
1063207
737175
55373
53313
54577
55490
53850
53503
1076022
53342
53301
938059
54973
53333
1058028
53284
53278
54669
53317
53403
55407
53262
53297
53327
53289
1058178
53287
911137
53488
53267
1135086
55391
55273
54443
53307
53299
53596
53291
54136
53256
53698
53344
55457
53375
847161
53237
945015
53807
53423
55357
54757
53378
55378
53357
55513
53404
54795
54952
53627
55350
90513
90511
91664
791298
820029
90515
91126
90544
31283
90520
91214
53240
53239
53242
574165
54278
91079
55425
90514
1057186
865061
357950
1150261
53246
91539
90717
53277
91169
31210
53248
31250
1046026
90512
1032276
31189
53303
91082
53263
54104
90517
90518
53247
91267
129067
53249
91195
90555
748182
90523
90824
1049686
90593
90648
53389
53257
31198
776046
831440
53434
87595
105898
1081357
91216
53321
53417
90768
90572
780045
147318
91278
736028
90683
905856
90522
91694
31910
90597
131816
31221
31261
91721
1066134
53250
53341
129892
91522
31966
90675
91231
90516
31317
91109
91627
90521
90552
91419
90551
1073072
90525
32665
33184
32662
32671
32664
32668
836033
761029
1051010
32666
759203
32684
32663
32687
33087
1112021
33305
33221
1032300
32953
32683
33180
32689
32676
1081540
33119
858014
92258
820466
1050284
33154
32709
32680
32688
33185
32765
32686
33284
33102
32743
32983
33067
32811
2734
33098
32669
762044
123521
887100
1116244
32868
137572
247762
33272
1093037
32714
758019
55552
33258
1089100
727013
32864
1058196
55583
32699
32678
1053048
132132
55806
153009
55591
33059
1108008
55569
33179
32707
32929
33177
32847
832085
33052
1049923
1061032
844572
33157
32673
911043
33094
33329
881047
1181770
32993
387066
32943
737251
33277
33164
1116314
893350
33073
56598
55520
817087
147260
55542
55536
757290
906141
55528
56730
56695
55527
1173001
56641
56725
56738
56540
56751
792019
55579
55525
753028
56577
55568
56548
56575
32693
56535
55547
55517
860517
1044152
56665
735018
48193
1032029
55566
56716
55533
55550
56715
1155007
55540
92263
55553
55565
55571
56080
56593
55576
1049198
964315
854529
55532
55611
906041
55523
1032239
55573
56590
7650
962330
791483
975329
55602
56061
56617
56560
55549
55604
1070074
1137183
56662
56756
78062
56013
55615
1083079
55541
55927
893586
731007
842010
1041134
56763
56594
55534
837492
56616
56597
55560
55594
56746
56273
56122
789038
55984
56769
55548
56554
91725
55564
32670
1046150
91787
794129
56567
759001
92061
91740
91727
55531
92099
91724
55521
91801
132624
91722
55524
32708
32667
55529
91728
55556
32704
92338
32674
91726
32836
847063
55588
748005
92129
32700
91729
32681
32685
32907
91850
32679
55563
92066
91771
92343
91751
32677
32691
32732
804398
91735
92325
130873
816311
1116263
55526
91994
55936
156592
92006
91723
91733
91920
32710
784041
91736
91749
887049
55535
91903
91770
91767
55546
91823
964312
900150
91866
91916
1058082
916001
91730
91864
91734
91884
92175
32758
91852
55634
55606
91731
1171002
91783
32698
789132
91904
133847
91947
92105
91986
56531
91923
56783
1050324
963083
33360
33368
33430
33794
33664
33367
33624
33363
290025
142461
33528
33838
33395
207292
33795
794279
33704
33420
33708
1047251
33702
33357
33646
33727
208558
1132267
780179
33378
92504
129782
975311
453377
665014
1155025
33386
198862
57880
603992
33728
33374
769080
361505
952248
33431
358265
1122128
1026040
135396
33526
2830
996283
56808
207669
33773
33798
1150305
837732
835030
33510
999231
195965
33769
1132828
1046466
1019795
33768
33364
61046
1049533
33399
33372
952079
33805
33390
288250
817009
1081131
33479
33461
33643
33685
1046032
92742
33362
430128
1103046
33546
33627
33691
33659
1149054
33465
33398
155410
33377
57873
33833
57223
56779
57950
57906
56785
56820
57941
57949
56778
129247
56780
1105075
816314
57608
56857
56784
57899
57226
57915
56818
57882
57154
1178156
57924
57902
56817
57938
859008
56815
56824
1053086
1043373
56853
1021051
1137063
56819
261714
1102205
56827
57883
57051
57930
57893
1019640
56876
56813
57866
818164
57295
56917
56789
1078303
57900
57943
56801
56877
57911
57403
57945
56834
56828
56968
131962
57917
1032139
157461
57948
57491
57240
57626
56923
57743
57939
57877
57076
1087636
92729
138601
57146
57659
860929
57097
57671
57566
56804
57478
57019
1087613
56975
57169
56953
56798
57669
57903
273548
57933
56912
649030
57881
57093
56782
794152
93062
92453
33358
92856
56791
92933
92609
92752
702005
181011
92582
92463
56781
789847
858494
839639
92443
56788
56790
92448
973144
757063
1060182
92957
93057
92564
1038012
92970
33370
92879
218516
56799
92830
92972
92442
92586
93082
129272
56786
869026
56807
56793
33403
1132825
92449
92445
768035
56792
143503
92664
133345
709041
92924
92440
33359
92709
56787
92456
57058
92441
794112
860155
92851
92514
33416
92899
92967
92788
92455
893652
92570
92608
56989
92458
92459
92625
92451
92720
56800
57734
92909
742301
1031007
93014
92672
92446
57008
92477
93104
92867
92444
56892
56810
56905
92454
92895
56814
56796
34327
34376
34134
34435
33856
33899
33845
1137226
33844
820738
33850
33841
820036
34217
33853
34318
33846
34483
33858
844728
137532
33867
861048
33927
1053140
33908
33870
33956
33849
58208
34444
818004
34221
285213
34279
33940
33847
58472
34214
57959
33842
34110
130190
861261
33997
33943
912056
33930
34430
129429
33854
831178
33890
33852
59083
840883
33886
844271
34250
34254
33861
820061
34443
975793
33873
34228
34243
33876
33903
185721
33919
688518
886184
34251
34328
34287
57975
329151
132999
207374
1005039
58089
845068
193198
33937
33889
34023
1084154
34025
33872
129148
30074
33924
33843
158447
33906
225666
34330
1045083
34307
59177
59153
57958
59169
59133
59152
57991
57967
57995
59222
59138
1097125
57968
59135
59147
1135237
58577
57963
58948
57971
58993
1081702
1094270
57970
58037
851014
59208
59173
1000014
59175
57964
58792
59188
57956
57960
1181235
58011
46911
57990
214384
58001
58022
848035
58246
57978
827779
58753
59195
59171
57985
58965
58747
57957
58084
59113
947183
59116
58836
58010
912008
57979
58163
59108
57986
57992
93311
1041077
59024
858132
58644
58848
1049783
59004
58148
58078
58295
132133
286249
1025051
57969
1046459
58004
57962
59126
58013
1163012
58241
1019942
58942
59172
1075110
59149
57984
58647
58042
57988
58161
1046290
57973
59105
93187
93186
93226
93183
851397
58156
847346
255484
33860
93190
33892
93185
762398
93184
905068
861644
897056
93196
93193
93188
130565
93469
93502
93381
851596
93458
93189
93438
58252
93192
827733
58020
93217
58023
129530
744059
93200
57972
93206
34237
57961
93220
93277
100032
1073060
93191
93370
799018
93214
57966
131891
742298
93212
93494
58978
33882
721001
93639
1156401
1085102
93201
791285
93234
1054187
93202
1137153
1191208
33857
93607
1124518
1149032
1178191
33848
93195
58058
93232
93689
93306
93207
93197
93459
93624
93210
93553
33942
1137027
93360
93328
93363
93406
93208
93204
33851
33953
58424
93194
93627
93198
311781
93558
34517
34994
862014
34575
34911
34520
34973
34519
34940
1050129
896001
34714
34772
768280
34547
150624
1050521
764057
34823
688969
34949
1135286
35031
34528
221298
34516
34534
34639
34961
1132002
34540
59995
94066
787084
135985
34523
1074092
1081367
34998
777647
34532
1075091
1132607
150060
955101
205452
143932
136796
768166
34835
34555
1132228
34889
1053211
34514
130011
1078427
133588
938013
34618
34513
787102
34922
1007204
658169
60048
34830
34527
59256
805005
59773
34991
1022069
1016129
1147102
783514
1081443
1098090
1116135
152929
847129
34535
1146092
34537
1161096
149367
1175010
1137022
34853
34870
34650
1047079
1147184
1019193
753035
816538
34522
156662
854102
1049950
59238
964321
60209
59235
55440
1085045
60268
60315
59275
59236
60308
60235
60281
912021
748010
59237
59258
59233
60228
59243
60252
60079
59250
59252
59268
59280
59265
209773
60331
59281
59936
140478
1081546
60165
48210
59457
841048
34873
832989
34862
905042
60240
59245
59289
60291
59593
60328
59301
59257
60222
34521
59260
59267
59279
60226
59242
1050707
59531
60273
59722
59259
60292
60220
908153
60245
278525
59681
60247
48380
59634
60337
60312
60346
986121
59277
59591
969020
60314
59430
59895
60225
59750
59806
60336
59612
844548
59779
59858
896219
59496
59251
59555
59695
59330
985371
59633
59454
59321
60239
59372
835002
93774
94043
93805
93928
94432
93780
1043346
59234
60221
34510
59249
93920
34508
894063
94115
93826
93793
93777
93778
94034
840011
966068
34512
59240
94297
93779
94149
59248
1039482
93817
93775
93783
93782
688176
813243
93924
59334
93781
793035
34515
93785
34518
59323
816237
1039726
973089
60089
783060
93841
93801
136960
94022
832832
93877
34573
1102174
34801
1078074
93776
94177
59241
93980
94160
94202
93788
60212
34606
392094
817043
59290
93789
59802
59247
59616
94279
94312
1038038
34588
94302
136209
1045093
1115140
93797
34551
59244
94307
93938
94026
102320
93960
93848
93903
185076
93821
94174
59527
94193
94124
94195
35054
1049096
1050518
35042
35047
178125
35051
185661
35105
38553
35045
205710
956025
792425
839172
35095
145946
789222
762026
996529
1041116
35058
35217
996655
35259
290032
1150137
35198
1178260
816235
35213
132530
35283
857017
60508
1181924
142062
893603
35063
35280
905078
35174
927042
35064
149578
1098153
1025120
772147
35270
35261
35302
784343
35053
35135
60398
35046
60830
1147178
35127
35245
1173028
35098
35209
517122
1141036
651389
1182340
35253
35205
847323
192922
35128
35074
35056
35294
1181025
832234
35049
1115191
35236
35286
858502
136262
35071
437038
804213
508307
1007252
35070
137864
60514
964400
35274
35114
688046
35116
1000015
1022062
35233
35199
60351
60906
60841
60848
60879
60872
1026024
60837
60884
60353
60367
60349
855248
60873
60462
60895
777010
60851
60499
60356
975317
251445
60350
785019
60372
60894
60883
776274
60383
60846
60861
1050116
60521
60357
60898
60363
60355
60390
60479
1007090
60385
784169
60843
60427
60542
60310
60452
60903
1024160
60361
60380
35077
60368
60893
1032044
60865
777435
60897
60678
445811
60476
60890
60807
60613
60387
156027
60660
60466
60623
155047
60788
60645
60781
60899
60459
60663
60759
996588
60915
60911
60662
60453
60618
60643
1060234
1081364
1046118
60572
60909
60373
60477
66254
955123
60571
60501
60874
137299
820474
60852
60513
94779
94773
94730
35050
94739
60354
94459
35044
129314
94834
94663
35048
60365
94461
60360
35066
132625
94646
1047254
35052
94628
94656
94762
94468
1047030
983014
94462
94786
94931
60370
60635
94824
94692
94898
94768
94740
60417
93292
94472
94913
1045109
692001
94463
94664
94458
94622
94638
94889
94947
133143
343041
60359
35059
35094
794141
94581
94649
94518
94866
94460
94543
94652
60364
35062
129157
60399
94469
94464
94514
1050526
94797
60429
60371
60375
94640
94465
60823
157366
60366
94614
908115
60710
60605
750049
94620
94541
804004
94789
934032
35197
1015474
94868
60510
975201
60358
94583
94810
60677
1150135
94693
35531
35331
35332
35329
35342
37065
35375
1032229
35334
35511
896177
35351
347497
62194
35353
36490
860113
195302
35330
35333
36716
35336
861040
35335
60972
35349
36867
36911
35411
35347
1026076
36998
35341
35398
35355
36685
36910
321058
35371
776761
35389
36721
37294
35385
37300
1063121
35396
35415
37088
710069
964139
185506
35340
35381
35339
35366
309127
37261
1132341
35525
36693
1050628
39854
728004
35374
826017
1049740
37267
36711
36650
60942
36513
904226
36809
205395
908121
35352
36783
35423
36832
198069
896137
135253
36159
35478
35418
35481
35384
35449
35397
35955
673004
35659
35437
36717
35343
35337
36118
37449
1050509
62662
904046
60923
863042
60932
61656
62646
61082
60941
60922
62826
35350
60984
60924
36858
60927
61047
60930
60929
844172
60937
60967
60993
62719
912114
62689
60945
60988
62627
60933
60928
60955
816505
61167
60936
407250
60960
905058
62659
60943
60976
60963
60926
36880
62626
60931
60997
61067
60987
36940
60947
62838
62604
954389
62642
62866
861258
1081794
1054066
62661
60959
37016
60952
60957
896964
37047
60938
62360
61094
60964
62696
35377
806175
61065
61061
60948
62843
62669
938064
62609
62837
162027
1047113
35364
296231
61765
60965
62631
62855
62714
938071
62310
61750
62600
1081276
298881
60971
62636
832556
61029
1015289
94968
136571
129526
94966
94975
35365
94971
947051
94965
36663
1005022
647673
35348
60934
95005
95133
35427
95002
95125
95027
94984
95019
95068
95130
94973
60949
1025152
94977
61163
95147
1102149
61268
61341
896692
94976
94974
95175
61564
95254
787047
132883
95193
60946
95073
60973
155083
95057
95200
737040
61276
60982
95188
94967
35494
61840
905879
975351
155881
95153
95114
155358
1054162
95038
954513
158302
95163
157502
1039088
94988
95161
95142
61068
211348
156058
95054
157697
60956
62637
95071
947134
95143
95089
95263
61254
35460
1081068
156055
94979
61157
130435
1094354
95055
774109
95237
129763
35505
155162
102332
35455
844410
37520
37518
896139
37519
37969
37825
1049937
37525
963516
37995
37542
38095
37559
911160
63034
37521
37962
38053
156296
37523
37558
201401
37724
37937
37529
1083109
38066
37524
37564
557474
1164052
784228
457185
129331
1182056
37540
37537
37538
37532
1058195
38108
784158
1156227
1049952
1050854
37535
37787
37892
145886
37531
1149091
38033
37534
202936
208518
62910
1004057
816502
358525
63164
1050775
37639
37657
776314
417507
37624
37997
1025257
37669
37629
1150063
1156456
37940
1019209
37972
38105
904047
1149122
37554
860263
1083121
331525
38078
37959
153008
1049931
37919
974011
38008
777140
37557
340923
37956
37666
789432
427028
37800
1132025
1178080
62888
62885
63901
63943
62899
64036
1015070
64076
62882
64037
62881
64131
62896
816361
63996
64003
62889
62904
62900
37528
63963
63895
62946
62908
62887
156791
62909
63891
63706
1060155
976243
62916
1057285
996421
62893
62923
64072
8309
64013
1124598
1031061
63961
62905
63885
1147186
62995
37935
62914
62913
62894
63194
62898
62957
63923
908182
62895
816303
63998
813411
141577
759095
768152
975328
743213
63033
748147
63365
62947
63582
911057
63658
62903
64015
62890
62940
63650
63309
63272
63675
63020
130078
63975
62928
64010
63002
64128
1124251
85377
62892
63261
63875
912037
62918
63972
62949
63655
63307
1094067
757202
62972
208915
727007
95278
37615
38057
153001
185666
421099
784021
95276
95280
95385
95277
37517
95322
1074002
37544
95407
131914
95292
95275
95283
957133
62897
688685
977076
95290
37522
37526
862100
95279
908169
95301
95336
62886
823060
37530
95274
332372
95281
95285
63287
63387
1046062
95358
130498
95282
63170
62902
62930
1124502
1032238
95291
62906
130131
742356
936040
1137303
95309
95339
1181340
95288
129035
102110
95425
63521
95399
156731
37917
813236
1054126
1032087
95449
751067
63121
804408
1147015
157903
1084306
95286
63122
63117
62925
95289
95287
858456
981178
62917
62941
63018
62953
792686
95284
805367
155607
95337
1024288
63053
1094081
95343
38118
1039114
38127
38423
38731
38114
1041110
38207
905044
38657
38165
144183
1049193
38120
38125
1057226
38141
38682
1132958
38725
38316
38130
38655
38806
38122
38306
38117
845098
1053085
1130008
756069
1115130
38644
38143
1015122
38132
38129
38619
38770
38432
38172
1084238
1050256
758334
1046372
813035
820437
1015262
1081242
38270
38778
38144
38593
38167
1049956
1178178
38183
38158
38713
38835
64160
38199
185376
38202
185356
38123
38291
38171
38607
38119
1081401
65440
38594
38401
38205
38821
1137483
487864
150043
38163
1124213
743051
38154
38152
851470
38599
1177240
813157
1050715
64436
1074109
131976
38812
133772
38178
177121
742239
787143
191742
38498
66212
64147
64143
784001
66225
64150
64146
64145
804011
66124
1050119
66020
129232
65971
1049395
64153
64192
65955
64157
803031
149696
64152
64185
65977
66147
65999
66013
66279
231113
64148
64222
64179
66039
64166
66059
64158
742211
64226
64207
66263
64165
1050778
66296
64499
64172
64253
1016181
64250
64159
64310
827465
64218
64265
65150
64174
66238
64228
65721
64151
66218
66290
66158
66171
64184
837415
66018
64252
909052
64170
1050178
1019251
64182
66092
736156
756324
66203
129929
1178081
66014
65614
64191
908066
65960
64247
854129
66156
772015
196405
66130
64116
64237
1050779
132478
64272
737041
66028
64212
1021227
66081
64251
95439
95456
95748
95574
95442
95774
95435
38115
65198
95589
64320
96072
38124
95434
38140
64144
95436
95438
1077068
96193
64149
999460
38137
64176
95544
95454
38128
784297
38133
129113
95443
96089
95455
95779
358207
64164
95446
95465
95433
38797
95444
762053
38134
737112
777778
38818
95509
95461
20287
976217
976324
1039527
96127
95654
64401
847225
817129
776629
65246
64188
64161
1150180
1124134
95441
95631
38121
38559
151421
1081608
1116240
95447
95437
95450
95440
64154
38302
851211
95462
64163
95515
95838
95451
65033
38766
64241
1084117
95488
95458
95471
64236
95453
1106105
95822
1043129
64201
95445
96101
905055
95484
954416
38898
38853
780003
38854
40266
40245
38849
38855
896104
211838
40036
40280
962293
810011
278247
694020
1043323
1016164
1054100
38945
366384
38899
40119
39877
38856
38865
759100
772017
38863
39778
38848
39556
38868
40047
218902
725091
39895
688614
39758
710267
40362
40329
1045065
39850
789018
39092
38864
39337
38866
38862
130779
129351
1137372
38881
40001
40364
149567
39534
841127
40281
129236
38884
39637
39630
820750
67465
40353
39926
40049
289895
791151
39356
38877
762150
133045
39837
39719
38857
38956
39987
38873
40227
66443
1116076
66374
1049649
38886
67566
39841
1137423
688426
40010
1132558
38882
39173
39633
39884
40117
38906
38936
69173
66355
66361
69270
783150
66364
66346
68968
66368
69097
66541
893433
66357
388484
68932
66354
69005
66390
68940
68882
68995
66349
66352
67577
813306
816507
66376
66347
159505
66410
743093
66377
66396
66382
66460
66418
69194
66431
66363
69114
68857
66913
68923
66350
67786
69103
68970
69160
67861
66358
66439
68431
66380
66427
68910
66416
69165
66356
68976
963656
66575
975255
1178176
69158
956268
68662
66387
66373
66404
66551
69034
69138
69009
66420
66519
69268
827791
66477
861834
69285
66372
66875
66383
68770
67192
69047
66393
66405
66432
68091
66549
66400
69089
68985
880027
66527
67912
69066
67499
66430
96266
96309
96269
96267
66344
97094
96268
893268
896389
96810
185545
38851
38850
96282
96872
38859
96759
97176
961327
68872
947054
68192
1005048
905517
96846
1006113
725048
96864
97506
66359
96265
38912
130764
893440
96270
66353
96271
96988
66351
96666
867038
97296
97459
97036
38861
38867
96272
96264
688674
964243
97384
96495
97381
776824
964386
38915
96277
97062
158136
725056
66386
96638
97254
96298
96378
130705
96731
96870
96276
96280
990288
96359
66423
96289
96842
963652
148895
66375
96733
96407
155810
66597
96836
39601
1026016
96281
96679
97461
97082
96649
66394
96293
96296
96326
66371
931007
1081937
68871
96556
96463
40423
40766
40648
195142
40431
40437
1050321
40430
40424
40426
40425
1032371
886088
357111
40448
69608
40443
1083067
906150
1156296
131188
137569
1034003
343354
956168
851133
40800
40655
688768
40427
40478
70212
40444
40481
688258
40805
904041
31145
40442
40463
839403
1135199
40550
40429
1053061
1050714
1081182
40531
40445
961080
753081
581060
40698
966148
40627
40447
40434
1105063
40514
1150036
40666
40671
40637
911111
961380
131526
1053006
190208
40634
40517
192971
40813
40451
40736
40708
69407
40845
40699
29055
362674
1058054
144167
1150148
40663
210417
1087632
40459
1155072
40439
1116158
40513
1137412
355510
40610
40464
816145
69438
69347
40592
40494
70183
69320
1046073
69317
742149
70251
1156368
70264
69391
70193
69491
69928
69318
40435
69324
69385
70298
70190
69338
70188
741095
70155
69521
70220
70174
70179
69328
207200
69361
70141
69760
69334
69336
48411
1019797
69342
70219
1041073
70186
1082023
69519
69421
69352
133074
40440
70102
70178
979045
69332
69348
70168
131960
1041052
70215
517118
70171
1031102
69329
70182
40684
132281
69853
69940
70180
69350
69655
69330
985051
69326
70208
69706
69357
70145
69383
69325
69757
70292
69360
1021007
896231
70228
69869
70131
70217
69831
69509
69345
69351
69363
69428
70270
896037
1041059
69607
70119
70138
70205
69435
332829
69341
97516
40422
97521
97892
97927
896217
69344
98058
97636
782008
97515
97822
784130
40433
1018108
97513
40436
40438
97600
97679
97520
40428
1019248
826072
40542
98081
742114
69694
69343
97567
69327
40441
927071
97542
97519
297258
69323
97831
40607
97876
97637
1046193
981018
130748
97526
725181
69331
69321
97672
97517
97534
69547
97561
69374
97994
69398
194896
97654
97902
98027
97739
129592
97518
97985
97686
97612
130310
97641
97632
97862
69626
131768
97512
97991
69337
1024019
129486
97848
97514
40499
816316
97528
97544
97907
97522
69339
199743
97531
97759
97896
97926
69359
40774
97532
1087137
97576
1177179
97551
98062
40446
938058
868010
41034
40857
41002
41062
40863
41105
1038002
41103
1050516
1015116
844575
1046184
40877
40897
694019
179006
41007
1032227
41088
40872
905225
40942
40960
904168
999012
827275
805001
499256
40912
40864
956039
825043
1057158
893498
40885
40868
40944
41037
86615
40879
1137428
41046
41081
40880
40883
1147195
70638
41015
901029
330036
857072
41031
202159
40900
1179131
70352
1023074
40874
1137089
1181786
41035
133675
40870
1085012
70318
41030
40978
792714
1024396
142955
1137429
841234
347167
40923
41040
905484
150216
44143
1150313
40871
40991
41097
41029
40971
41054
860692
40884
40917
40894
1132874
1176032
41087
132969
28884
40987
41068
41106
1124489
927034
70802
130563
70311
70327
70788
1084140
70672
70630
70807
70801
70314
70527
70539
741072
70786
1079097
70341
70323
70307
400311
70313
1150070
70663
70782
130636
70353
70557
805091
70443
70639
70390
990062
70325
70375
70368
1011003
245779
70398
70614
850078
1080062
1024478
70408
70814
70686
70729
70322
70818
70774
70340
70573
70448
70575
70348
70331
70512
70815
70773
70789
70412
70487
70756
70346
70354
70473
954112
70342
70436
70721
70767
70751
70594
70338
70596
1132042
70396
70366
70797
70522
990115
70400
70434
70593
70336
1081547
70810
70645
70493
70608
70556
70772
70701
70344
70326
70619
70742
70617
70360
70332
98105
98351
1050128
98110
102077
98414
70478
70776
839108
70308
70310
139952
155550
40861
98423
98390
896840
98305
98154
40869
70309
87061
98474
98330
98165
40895
98349
40862
40990
98144
98434
893072
70554
98473
98229
98427
98124
98168
827445
759119
98108
40878
98281
98223
70312
98365
98112
70350
70320
794347
996271
98109
1053212
98346
98106
98189
962211
990181
98464
98291
98217
230046
98356
776520
98266
40881
98147
132657
70339
98116
98230
87146
98462
70317
129252
70611
98179
70321
98111
693049
98107
996652
98481
70406
70383
1083031
98120
87494
40873
996015
40875
1181929
906055
98208
98130
98501
98113
98418
98293
932031
41143
41151
1032073
205700
41135
140830
41132
41138
41131
1115041
185871
41146
41538
72373
41196
725356
70888
231393
31226
41305
1050299
41142
29344
1171043
1057092
41625
41521
41675
41847
312337
41332
776483
41145
41186
1116309
840120
41166
41537
840208
41376
41218
41252
41195
41651
1073025
41219
816011
827286
41200
1044142
41160
740108
41147
783257
851710
1053021
41205
41156
791128
41224
71611
353233
783326
751034
41168
206997
41154
41611
41561
977177
789290
688973
41130
957104
904134
72609
41152
197136
41150
41128
41637
1078348
41228
41526
373021
1155031
70867
70841
41643
41742
763140
41354
41164
149490
202174
41148
70855
792708
1060063
774292
70821
854363
70850
72526
72480
70820
855463
71136
71153
125855
70823
72361
757277
72626
70822
72617
70837
71203
70844
70847
70913
72564
72512
72503
70963
72582
41342
72572
70858
1024291
70859
70861
64553
70829
70937
72529
789424
71046
70838
72026
70979
71449
71453
1078389
774347
758227
70843
70928
1049518
70876
72597
72489
70860
70934
72093
70911
70832
71039
1021046
70849
70848
70868
776978
70914
70883
70839
980040
72517
72158
723006
72558
70926
71940
1019556
72481
71157
71665
71641
70959
71609
70857
70856
71789
72475
70835
72508
71170
71516
71169
70958
70943
71255
302064
72275
71120
1050372
71508
70935
72614
71191
70840
99292
98541
776674
99011
1032313
41153
964307
960005
70833
98547
98540
818234
41129
98794
98548
41182
129001
41144
98542
98538
99094
98575
98539
98546
70826
157414
70824
1025038
98766
98550
70950
70831
98804
41136
98932
784040
98777
98543
976391
804384
70851
70842
70846
41209
961053
98630
102278
99234
41512
98913
70828
98872
98549
756193
99259
70951
98973
71693
98665
99229
98545
1108040
98786
41216
98625
896965
98806
1057223
70834
71502
98556
98818
99018
710133
98565
130499
98573
663011
1066118
98879
1016152
70878
99110
98551
735079
945030
604931
857344
99061
70845
905023
98724
742170
98779
804331
70836
98725
957209
98563
820303
205059
41910
41913
1165039
893485
41898
221254
41902
1174028
460855
41918
868067
135671
776997
72673
310701
975773
41911
41901
72658
41921
130359
148631
857222
41922
140345
157417
780027
41909
140111
990002
41914
1193245
688440
861629
851240
851206
711450
145378
847304
962302
824064
149082
762149
41924
1050059
734076
818139
789342
1039187
430825
346651
12475301
12603031
12335173
12475467
12333229
12463263
12311461
12463239
12278313
12440239
12274097
12431051
12263685
12390159
12202293
12369059
12170025
12356167
12107861
12342111
12086073
12289055
12082137
12251271
12073025
12213199
1079069
12191051
1046185
12108879
1032165
12108643
1024101
12053515
1023029
12043047
1021257
12006139
976285
1122015
956105
849023
861041
837755
859021
837287
851613
160319
72633
72672
1182312
1046261
1182839
72641
1070073
72632
72639
72651
72634
72638
72707
908215
72643
935085
72717
72640
72646
72654
757025
72678
72631
12450274
12347023
72718
72711
72694
72679
72686
72663
12213161
12474676
12334092
1016044
831340
791236
72716
72684
72660
72648
41906
352208
41900
99333
72630
131720
99372
99729
72680
41919
894041
99340
99331
72637
99326
99371
99370
99361
99338
72629
99330
831279
99359
99358
99354
1023060
777657
131919
72655
99342
99360
99335
146540
99328
840093
72670
99337
157544
711484
99364
792461
99344
156399
99347
99369
99363
12278085
12506943
12251245
12504103
954025
12290439
906033
12231131
851709
12073691
799101
1113047
99377
861743
99373
855123
99357
854331
99353
792939
99349
711483
99345
156855
99341
140991
99329
99355
12311294
99351
12310066
72659
12251082
12531088
12074226
12451288
1182286
12441168
956378
12409280
851438
12409208
806158
12363056
157374
12356228
138138
12322040
129018
12312256
99374
12273096
99346
12262144
41937
41992
41928
41947
197248
837031
42898
42057
41935
72725
42615
41934
195816
41926
41966
776390
41933
42590
762199
41929
42495
758154
797253
41989
42912
42403
42864
42649
893459
42000
41946
41999
1039236
42872
41986
41930
191618
42047
41980
42554
844713
129329
74047
331285
41990
42456
41951
42845
42603
42602
42489
42751
196747
42608
41941
41949
42480
1155053
42587
178498
41939
42636
41940
42168
42785
42154
42720
42088
42549
844534
41968
421108
41944
1053137
41955
42700
1038214
21246
73905
41995
314092
42622
945002
1053024
42295
41957
41945
144818
41953
1049453
130021
42392
41942
42013
135473
844850
804388
42300
42742
1057026
72724
74518
72726
72720
72722
74592
74575
1077053
73046
73866
74436
855549
74547
74563
74494
1064055
72764
74513
72754
72953
74577
1043280
72740
1031009
73605
74530
74481
956390
72733
72727
72761
72814
73092
74580
74506
74480
72767
1147101
981167
1049406
72742
73370
74561
72743
72744
72735
74407
72784
72758
72915
74361
1170019
896205
73627
72785
74462
990172
72737
74531
73039
74516
72834
74504
73784
74488
72768
73984
73863
72994
73507
73744
74557
74503
72750
74525
72739
72762
73511
503756
74584
74433
74140
73747
72734
74487
74003
74472
72799
73007
74508
73523
73822
1050195
74573
73158
1054067
72732
1032045
72852
74564
840899
99384
99630
99385
41927
981142
99380
956375
99412
41943
72723
99382
72813
41963
41938
41932
148811
982039
72731
837369
99379
797020
99970
72745
72730
72741
156689
73011
818671
604395
1032116
99772
99779
776119
686015
41936
99753
99734
791133
357664
99982
41983
342558
99451
41959
99738
1050743
41952
78771
886170
99979
99665
99392
99654
99471
74442
789482
99529
99411
72752
99639
99386
72729
99508
99391
777760
1124182
99389
313864
99478
99765
1050315
99791
132816
72728
1190154
99383
99938
942003
99465
99497
99483
99788
73778
99538
99429
99722
99397
980092
99951
1193291
99444
72907
99898
132037
72756
99743
99520
99937
783378
740216
956238
783190
43755
42935
806048
43647
942264
42938
42958
820340
43608
43005
42969
42939
43722
1054056
908126
384815
43253
43540
43878
42950
43844
854432
42949
1124282
43848
42961
44204
887066
43033
1058011
831164
789781
158539
42947
1066001
42951
42948
44038
780173
76153
43862
844064
43692
813379
74708
986157
42980
42955
1025255
742310
555539
1130009
43325
791425
1081428
43048
43801
43811
43730
43821
43837
725498
42942
837035
43515
1094126
129436
1132688
1050681
42945
43752
43746
76692
42954
42953
44006
938033
43783
818430
43754
137989
74621
1084015
43675
743001
1180112
388473
258893
43798
1116332
43066
42977
1022005
42993
77205
43904
44182
74625
140196
74801
74681
74616
77894
74623
74618
74738
74613
74634
74620
74670
78026
74629
1026094
74630
791022
74644
74966
74624
74710
1019947
76274
74642
74809
74703
74628
74617
413181
74615
77923
1054050
77754
130008
858490
74858
74843
74752
74680
75286
74726
77962
74619
74668
763035
77715
225380
74646
1080014
1046462
74723
77737
74627
74785
77925
74675
74672
77899
76965
74626
78101
17719
74637
1116247
74657
77833
77993
78187
990175
77943
77820
74718
75084
77972
75551
74645
74729
633488
74650
74656
1046089
736135
74661
43717
75001
77772
74770
1081901
77936
77926
1045117
76883
77722
336012
78034
77990
75282
74757
77712
99989
42937
99988
101736
100696
185017
99992
100213
742105
74758
101614
161438
74640
99994
99991
100538
527682
42941
74614
99995
100850
100066
75844
42968
99990
100529
99997
93898
43004
100203
100014
101870
379612
942130
200742
100607
42952
43532
74854
100000
42957
42940
777178
100807
100011
99998
74636
42936
1087204
74701
1004049
99996
1188101
74647
100005
101229
197004
101626
770075
1031034
43536
74686
77880
100082
43103
74660
100036
1182169
101070
74750
905908
100076
87837
1049232
757244
100458
99999
101860
42959
100002
794001
1171085
99993
100916
1177079
132584
74633
101226
100210
100004
1007149
100240
74659
129269
100020
100365
100328
74638
820093
74648
964486
1019952
185858
45336
688047
45129
44262
45033
44267
488571
1050683
44263
129270
185818
45172
816413
45208
711016
45319
44287
45512
44277
78315
45260
938031
1046016
78302
789235
45274
44276
45183
45143
1022037
737012
44323
45171
1049513
44268
44312
956357
82622
44265
794398
1060081
1015501
44310
45213
1044112
725010
805199
954392
990184
347458
45163
44272
44270
712163
45044
45347
1089125
45108
45340
1049023
196219
839236
44286
315701
44273
45190
44428
1033030
734019
860078
837417
158132
45153
464553
45217
45118
44866
44395
44491
45100
205655
129525
44300
44332
133717
804420
83087
1026077
824032
44281
905287
44708
45137
44849
44458
44349
1050542
44266
768065
83218
45221
78208
83122
161667
78227
1089110
78291
83081
78274
964299
83268
78332
83276
82947
80188
78231
78281
78668
78201
83212
80552
78902
81349
82056
80702
78382
78220
78679
905727
83199
81554
44297
83188
411492
78659
78279
78504
131081
83262
981111
78804
78767
83255
83168
963630
79391
78283
81607
78634
1182832
79221
79847
1043121
78710
81793
78354
1054131
1057071
78362
79757
78556
294793
78435
80218
81974
83011
79377
82693
78272
48394
78722
78297
82432
78414
228236
78342
78213
79560
82640
83092
78265
78258
78037
78353
851658
83181
82549
81756
78293
81575
78290
1057283
79425
81586
78312
78430
81200
102714
103121
102028
101988
44343
103095
102035
101982
101981
99093
101984
893484
102002
44905
837191
512813
101985
102738
44403
101992
103812
104350
78212
98537
102001
44278
102919
44302
101983
101987
104133
101996
784190
44264
101993
102017
78360
131243
102354
78219
78204
78216
101990
101991
89729
101986
78523
102400
102954
44324
78572
104437
102074
1004051
102749
831111
104460
139424
102016
102005
102011
102076
731022
103858
102108
101995
96313
78203
102063
102006
103399
45354
985395
44410
101998
102004
78210
837342
104457
83126
102012
102014
101999
102025
102007
102027
103409
44279
102939
103097
102015
44328
358986
102018
103910
102003
78207
78205
102308
103437
45564
711465
83474
83506
990187
784346
45562
860537
285347
45613
45575
83358
711466
857298
911186
45615
481255
893364
1193011
570689
861864
45563
45612
45577
145094
83466
83452
83449
1058064
45567
734053
45587
45573
1041061
759422
152644
45588
45583
45608
777740
45604
45616
841169
140860
1150247
45618
1081533
791334
45572
204440
45630
45619
45621
83504
840078
962399
148065
45576
45603
45622
837658
215548
83465
789389
1024221
892019
743236
832867
1147042
371379
779001
1141003
185090
83304
83468
1019151
323594
136416
1021129
964253
905613
804018
45601
45589
415014
145339
148580
412095
45570
143108
975454
1192388
45614
145116
156258
1019936
815002
807015
1101051
757219
83376
132699
1132824
83505
83299
83509
1081496
83394
83423
83288
83418
831294
83335
83291
83293
757133
83331
83306
83422
83351
83366
157169
83435
83493
83512
83327
83325
83292
83297
83494
83513
83326
83473
83310
83311
83508
83322
83507
83463
83382
83424
83407
83445
83343
83361
83401
83398
83380
83378
1180120
83296
158616
83318
83433
83346
83397
83308
83369
155114
83503
83347
83443
83434
83497
155068
83385
83362
83374
12474064
12192310
12263916
12007402
12068096
1039778
150592
131574
135484
83514
83516
83510
83340
83502
83316
83454
83300
83438
12514127
83426
12502019
83414
12408243
83390
12230063
12524329
12196023
12501137
12129027
12355505
12107387
12029209
104493
763059
1049685
104495
104501
45581
83287
83290
104648
831371
104492
104490
104708
104487
45565
104497
104684
104678
45574
45597
820425
104513
104540
104552
1039401
133444
124899
155221
45582
83289
104670
83408
104491
45566
104500
1192345
104668
104547
45571
104608
104679
83410
104496
147400
860945
104532
104525
755013
962043
104600
83320
83492
104636
83430
104509
1120234
104488
18102
83312
104597
104685
748099
952242
104494
87676
104508
83330
104604
104640
83421
104575
104498
104618
104567
104579
104566
104537
45593
104489
104612
104522
1132053
104680
832168
1182100
1193204
104610
104505
155511
104502
83464
894129
83302
104565
104514
45584
820580
104603
1019637
104585
813244
45634
45637
45746
942191
737136
832084
1049098
45688
1081008
138736
1116315
758358
1122035
45639
1039639
844692
143133
1132559
865182
1081165
978060
45635
851387
791076
776082
374488
45644
1156126
45691
83639
1050242
413506
45642
45638
45636
45766
385965
1081885
45658
789002
157048
45808
83889
977170
45796
133709
45804
140014
777564
338577
45677
1156318
45742
45776
45728
1072061
45732
45680
1135301
129887
423068
1053067
827575
104963
185778
1015071
1047407
1132963
1061034
881007
45769
1075036
45730
45679
45650
45670
45785
832516
133031
45744
1015011
83589
45665
31007
45770
45822
847003
816097
140666
45649
784210
1124284
152297
1083119
83787
1120123
1046069
827327
83948
193221
83519
84004
83521
84010
83517
83623
83526
83528
1046013
83615
83571
83951
83524
83541
84020
83566
83621
84019
83786
83873
84047
83619
963498
83755
83545
83535
999046
744025
83533
83562
83522
138072
234189
83546
66284
141826
83540
83691
83544
83747
83554
84042
861239
83539
84026
83637
198361
83536
83550
83745
83982
783493
83966
83834
905099
83530
84050
83853
83561
69125
83793
83879
83558
50856
84024
83998
83527
1180030
83532
83851
83564
1047001
83894
83864
83984
83724
83855
83572
83990
83991
1063156
1043148
45782
83791
83980
909009
83697
84014
83782
861122
83549
894105
83670
83725
947272
83681
83677
844291
1074136
747030
804422
83520
104696
83548
1050143
105016
83529
104689
83518
80349
132952
83523
104990
1155154
104725
104728
104798
1046407
104747
104724
104969
792260
104859
104711
1164055
104959
45632
104898
149057
1087691
152848
105017
832322
1049590
104906
1149081
104762
129501
104713
129133
104855
956431
131858
87657
104852
763088
104788
45647
83531
104763
742068
104761
837504
763073
104883
104694
104960
1181008
129425
105006
104872
104692
83630
104750
104718
104809
105073
83976
104758
104754
104772
104903
83582
104935
514883
104787
130103
104699
104702
104693
104690
105026
1083001
104904
83848
83801
1028129
104730
83999
45705
104691
104746
83613
104910
83563
104738
837815
104748
954463
46006
45838
1050326
45853
46049
45867
858350
311004
725093
948057
46106
45836
45846
45840
804174
46087
141938
46080
818119
45835
45845
710280
37690
45860
844779
84082
666014
1124459
816508
942221
84235
1046351
816438
688807
84516
46118
45854
45855
327687
1087692
84065
900247
45858
212491
1150186
794286
84217
84233
46136
45893
45991
1054010
46134
45850
46132
205701
232960
45862
46227
939004
46093
46066
141635
1050867
1023337
787041
45861
46095
155775
45856
839859
132666
84417
105457
46089
84062
1038076
46055
45843
45869
857154
336240
824060
84069
1102012
46099
806103
145013
46026
310925
157398
350201
45877
1178106
45849
45863
46115
29101
1002091
688622
84061
84766
84763
84170
84071
45927
84236
1137146
84083
84106
84780
84756
84740
84058
84682
84298
84196
1015672
84308
84770
84131
84737
1063089
84067
84427
84478
84317
84064
1081706
84509
84089
84145
909048
84367
1074045
84577
84098
935011
84781
84102
84147
783026
84633
84321
741097
155125
84119
84150
84494
84178
84752
84416
66348
84105
84379
84673
84097
84205
84488
84746
84240
84638
84109
84606
84163
84742
84088
84073
84755
84087
84388
759313
84276
84425
84175
84676
84422
84068
84761
84771
84760
84096
84084
84758
84725
84174
84748
84154
84206
84101
84767
84340
84343
84099
84670
84534
84778
1181048
84747
84773
45839
105493
105441
105084
46131
105286
826217
84057
743047
45837
742232
1116290
45844
1177016
84055
105089
742102
84075
129353
105083
84066
45851
84060
711438
105091
84056
830060
776428
105144
105431
105086
105169
84094
45896
105563
1037003
105185
1192002
84303
105292
105269
105558
105081
105264
45905
105313
105085
105092
105544
105186
897045
84486
105253
131209
105304
956265
105087
84059
105224
105110
84231
84079
84187
105082
84647
742178
45842
105251
105103
84086
84194
45874
1032355
105560
1075026
105192
131164
105289
837454
105080
858201
105585
1181751
105433
84232
105584
742117
1137005
831321
105458
105123
105489
105088
748191
86050
827505
84072
105139
45906
84136
1027045
777701
46300
762005
46179
46192
46176
938055
1064078
46182
956026
1022122
942089
46195
1163032
46174
1132299
1050565
46189
136841
133853
46184
727011
942042
688988
1156457
185007
904063
1070039
932006
700010
1181807
1124375
150018
46183
1078334
185515
132577
957131
1049786
470957
46186
737214
1181168
5972
147350
756132
303411
402761
46181
783413
46190
46180
12805018
12535344
12474462
12474624
12347018
12462116
12332110
12457064
12278278
12450020
12251314
12390092
12244022
12364164
12214202
12356176
12191078
12310200
12132202
12310060
12108418
12278684
12107914
12273220
12097178
12229100
12054286
12219100
12047874
12154104
12041098
12082228
12036038
12074436
12024470
12073012
12023434
12062120
12023418
12023256
12007302
966020
11987050
851640
1155106
849036
1081226
84833
84834
84830
84832
1049661
84831
84784
84823
84821
126068
1149011
151283
84792
84787
84789
84819
84827
84794
1172094
84805
775009
12441351
12524385
954419
12302137
334907
12098049
84811
84793
84783
1089016
12523014
770008
12074542
84812
84806
84790
105618
780159
46173
1050511
858437
105623
860786
84786
126069
46178
105630
87608
84788
907001
84822
105622
860661
1049199
105613
84816
105600
105594
84785
105611
1018005
105599
105616
105639
105636
1019131
105628
956085
105626
105606
105615
776511
832911
105610
1179088
1019454
46175
291561
710575
105627
105591
105603
831254
105602
12354045
12474742
12273101
12370158
12203501
12273338
12046889
12046494
1181357
12006226
897041
957010
804317
832194
105641
826370
105633
813054
105629
783382
105625
743154
105617
146350
105609
144274
105605
105638
105601
105634
105593
105614
95349
105598
84825
105590
12468240
12218067
12388096
12170131
12080196
11975147
1192576
896519
1020112
854251
963392
840263
851472
813287
847320
776631
46198
38858
46197
46257
46263
287014
204982
1083104
46200
137533
46229
46212
84976
84935
187315
46199
46314
1049671
894099
1179188
46247
138677
1049208
46249
137529
84889
954072
138742
46317
792648
46278
46274
84841
46222
148774
1144033
46289
1087436
46254
748142
1181028
200388
46241
46246
157403
1023194
85008
85026
204514
46232
105747
1004099
46284
46228
46291
46236
129161
157079
132621
1131051
46203
399207
46208
46231
46242
140508
145319
133185
1137378
84961
860688
185027
46219
832061
1102315
1039603
46240
46204
832459
744264
758118
157404
1024107
46234
46272
46209
46223
343478
134029
46276
198365
857167
185431
46245
266118
46286
881011
46277
1182344
185332
84836
1021247
85053
1181240
84838
84985
85057
85040
84840
84948
84847
340752
84940
84839
85061
84980
824063
84862
84910
156497
132026
85010
84837
84855
85049
84907
84967
1131047
84857
84991
84977
84846
66209
84989
85038
84969
1104083
84875
85031
1192233
85062
1024319
84873
84852
85041
1044268
818477
85037
84878
84944
85006
84983
85001
85071
84860
85054
425069
1191181
85047
84947
84994
942011
84984
85036
84853
978120
85030
84965
85055
524234
84848
84951
74403
1181983
84932
84959
84844
84996
84872
905860
84863
85048
84850
85018
84895
85014
84918
84978
48174
84970
85065
85045
85005
85034
84958
84992
84957
85068
1022041
84966
827604
947185
832880
105652
105658
935168
105691
105670
105733
105642
46196
105734
105647
105644
1011027
105645
1178261
105719
1094070
105698
46216
105712
84842
84858
105649
1060031
46265
46201
105711
893365
897068
87860
768124
105643
764014
105651
105648
1081989
1087884
105661
84926
84843
830047
105713
105662
46237
1050758
105760
962153
105650
84882
105660
861073
1064033
105695
105688
1032445
132138
105730
105717
105742
105681
840342
84856
46215
84894
843026
1177135
1137360
105655
905025
84879
46202
46210
105682
105729
861019
820297
84854
105696
129701
105723
103722
105677
751078
105671
1081888
130003
804192
105683
905382
105653
136282
963432
947136
791077
105646
980015
1177048
1141047
46376
46365
85162
784275
46303
46367
1046354
1038138
981038
132750
1083070
46313
1050358
142996
46301
938076
768084
1102338
46342
46370
1053190
46321
46353
905039
46358
46386
46391
861956
105862
844708
1108049
1137088
85181
1032223
857213
46393
46363
148208
46349
1063184
293165
1132857
195148
1172005
893330
762132
1053025
46356
1081062
1015037
46372
46458
904193
905114
851540
942224
1149031
1132619
46351
832104
688384
85252
1023272
46326
1150141
783362
46337
977153
46371
46379
46369
1147048
46305
46380
1177098
46384
46304
138663
155014
1032286
1149045
688928
46375
1047204
131606
1115141
216268
454627
844579
85106
46388
46340
133477
46302
130436
46359
338741
855315
46330
1149113
900106
85073
816461
85261
85286
85267
85256
85274
85266
85076
85089
85283
744037
85075
85279
85260
85095
46348
85134
85148
85072
85275
85199
85078
85276
85198
1045118
85167
85174
85282
85161
135039
1043109
85086
85128
85092
85195
85212
85213
457260
85173
85150
85120
85273
1120191
1124424
85268
85132
784162
85253
85243
85247
85189
85229
85234
85250
85271
85235
85224
85203
986269
85254
1081985
85270
85144
85094
85116
85175
85225
1046328
517129
85152
85249
900066
975621
85101
85187
860453
85102
85281
85246
155507
85211
12370197
12356227
12369105
12326131
12095225
12279271
12073849
12068071
11973049
12029071
839933
12023271
830061
12010091
762293
1187031
85305
105770
46327
105866
85081
85079
85074
105771
46319
1161056
85077
387143
105834
105828
105772
1161170
105768
46306
130389
105824
130529
105845
105803
105810
130258
105816
145409
791020
791310
1149110
105797
105774
105802
845012
105769
105858
105826
245084
105789
791182
105831
85168
85083
105822
105777
105848
105863
105792
105833
105856
105773
861042
105795
105854
954444
105786
105780
46308
105807
1172018
105827
141954
105814
105829
85126
742061
129821
105841
105868
144177
105857
105782
156313
105855
85219
105796
827151
1024378
956181
105850
763060
12534054
12506380
12506898
12503164
12488070
12503036
12474430
12488196
12449166
12355180
12399082
12339160
12370014
12312104
12334238
12302208
12312498
12251160
12310146
12192032
